# Real Imaginary
1.0030800251370576e+02 6.0564885364465177e-17
1.0070600291484860e+02 1.1505325842263630e-16
1.0073992897113902e+02 6.0284017774877529e-15
1.0090905716254098e+02 -2.3395982717961818e-15
1.0103755732630877e+02 1.2323873057704934e-14
1.0135828853269143e+02 6.2257001864748095e-15
1.0218828668323893e+02 2.9545372447323089e-15
1.0235863364799015e+02 -5.8299683552460220e-17
1.0303281582700514e+02 -1.6629100312981795e-16
1.0549993166625870e+02 1.4112795384581501e-15
1.0594479040821570e+02 -2.4172115996697822e-14
1.0627561820884557e+02 1.5751108810910391e-15
1.0721241556369354e+02 3.9076213052889731e-14
1.0754186975127033e+02 -5.3470298446218554e-16
1.0851446577791627e+02 6.8074176390100439e-14
1.0853772417737035e+02 2.1715184935690961e-14
1.0947028957096042e+02 1.8974367014843582e-13
1.1111742785876299e+02 -4.1823860701893137e-13
1.1202388168059838e+02 8.5913684689552002e-16
1.1231693740575830e+02 -2.5342866246440062e-15
1.1248976223040184e+02 -9.9285042398721457e-15
1.1345903135882581e+02 -1.7254377185900651e-14
1.1365212435331635e+02 -1.3472402367943119e-14
1.1462503607581071e+02 8.9408375900229956e-14
1.1616131006112109e+02 -4.7368951895308007e-14
1.1641813751750576e+02 3.4446947500584797e-14
1.1765086340276652e+02 2.2984253126627998e-15
1.1822178046955273e+02 2.5278606290083642e-14
1.1865082696265623e+02 8.7007510246580798e-14
1.1942273057403676e+02 -3.7240815466314583e-15
1.1959534158845710e+02 1.5871087363506185e-15
1.2021207531411383e+02 -9.0627624725910302e-13
1.2186583812127243e+02 -9.5430284282809452e-14
1.2255623261766354e+02 5.1680705482493988e-13
1.2282224886696362e+02 -1.9882541159642542e-14
1.2488592989392633e+02 -2.1335962508602962e-14
1.2521565178566217e+02 9.8621311308485191e-14
1.2695611824328134e+02 -9.4598925050743055e-15
1.2725114254244559e+02 -3.0961609331167230e-14
1.2741404139737412e+02 3.7703127327018330e-14
1.2821632609714661e+02 1.9244882463361416e-15
1.3003590622896903e+02 -2.1132694796879981e-14
1.3013258599734806e+02 4.1657876844363974e-15
1.3116243890528798e+02 -9.6643564550404030e-13
1.3234504631645908e+02 9.8180543837838173e-16
1.3241384662817120e+02 1.4206367007081695e-14
1.3270750847237974e+02 1.2991981634974533e-13
1.3375228038119548e+02 9.3607641926219821e-13
1.3385240792406194e+02 -6.8381334433836536e-14
1.3435046660492134e+02 -1.3725982347754114e-14
1.3454831241718270e+02 3.5677907243652362e-15
1.3683501002549337e+02 3.2496702930117538e-13
1.3693472502273806e+02 1.2445882980731973e-13
1.3737624095591343e+02 -2.3410939402148958e-14
1.3784751814113702e+02 -8.0595868821423169e-15
1.3831541709107137e+02 -4.7278404738567714e-14
1.3852816165099051e+02 -2.7854238133271276e-13
1.3920604687288076e+02 -2.8559024230361122e-13
1.4017248488413233e+02 -1.2328300349511232e-14
1.4036392411640514e+02 -1.0301243911567935e-13
1.4125046195293430e+02 -2.2045216626685166e-13
1.4339924036559805e+02 -1.4262741964155328e-15
1.4374884917083534e+02 4.6111606934937131e-14
1.4401526152097591e+02 -6.5443480360674963e-15
1.4528786420210020e+02 -3.5637382456901469e-14
1.4657095817574569e+02 7.2887849591820498e-14
1.4805965143678915e+02 -5.4256435304029125e-14
1.4955217678550412e+02 -2.5943093119890819e-13
1.5056717720146210e+02 4.5077637610309513e-13
1.5085563392020768e+02 -1.0528022955144757e-13
1.5140488753977132e+02 -4.5918751490955821e-15
1.5155249356983421e+02 2.6984793589046733e-14
1.5257207412448747e+02 1.5476734906061920e-12
1.5267306664108915e+02 -4.7248877565559048e-15
1.5354262411435357e+02 8.5127715944662234e-14
1.5358429058682958e+02 -2.2760281591479011e-13
1.5461379801680800e+02 9.8112197809455956e-14
1.5481263974632702e+02 4.2663030893664365e-13
1.5488300824464207e+02 3.6433071270771301e-15
1.5587901579282098e+02 -2.4869776258730365e-14
1.5639686918223936e+02 5.3560434222629275e-15
1.5720187226101370e+02 1.0499705386716152e-13
1.5897285777852647e+02 -4.8240755086574555e-13
1.6057060465041388e+02 -3.1162428015033948e-16
1.6086600853364052e+02 6.7516388691881174e-15
1.6253610760773125e+02 -8.1262071095889348e-14
1.6400323422240675e+02 6.6697470605060868e-14
1.6465734869450583e+02 6.6753137338726445e-13
1.6663346797683488e+02 9.1837911309135701e-14
1.6810089587077709e+02 3.8462917670842960e-15
1.6883896613541481e+02 6.0659998068648990e-14
1.6909884827737096e+02 6.1789203097548892e-14
1.7129051693661580e+02 5.5280133684398304e-14
1.7151269857929367e+02 4.8322520383081966e-14
1.7153561394733487e+02 -5.3111222472572686e-14
1.7183551555922639e+02 1.5235384948518845e-12
1.7317838287830219e+02 -1.2465303999541525e-15
1.7459233884675754e+02 4.5575023220767369e-13
1.7508805366070627e+02 1.4189895108664482e-13
1.7639359835978641e+02 -1.4759170498942403e-13
1.7757212173590500e+02 -3.0891914405019580e-13
1.8068219737033760e+02 4.0318911389785536e-15
1.8105592656730539e+02 -1.2601418157349699e-13
1.8302894237173558e+02 1.7529951841198133e-13
1.8359411328482946e+02 1.2087368615507912e-13
1.8429192567224550e+02 7.5431981438201855e-12
1.8437576720365479e+02 -5.7798730559622754e-15
1.8500331287148498e+02 -4.0182255974504509e-13
1.8550034270446679e+02 1.8737188540777242e-13
1.8569949846165449e+02 1.8343996014614409e-14
1.8601961021612064e+02 -3.9518323909853694e-14
1.8849511208442198e+02 -3.8437969490447827e-13
1.8882109263125977e+02 2.8395897956424565e-13
1.9116035010794332e+02 4.0540832203351422e-13
1.9401547441332565e+02 -2.6541229004398656e-14
1.9621751087755950e+02 6.9234769045198365e-14
1.9758196275476814e+02 -1.0032612131312689e-14
1.9816134473206282e+02 4.7592371404375907e-15
1.9875624353385285e+02 -4.5381124108776577e-13
1.9908068385660511e+02 5.1903117125914083e-14
2.0107796848768237e+02 1.4323188852022775e-12
2.0172959124671945e+02 -1.8788375727482039e-13
2.0230489551929782e+02 -4.4060397195507636e-13
2.0252616183543361e+02 -1.8894416073126367e-13
2.0435995711665720e+02 -1.3170341885310409e-15
2.0506273334785845e+02 -1.8688962041276170e-13
2.0512462896058167e+02 -3.6259154259642000e-13
2.0672582985680737e+02 -3.0921317367713600e-14
2.0700827515461282e+02 4.2904565957941575e-14
2.0769449297026910e+02 7.1408772423797512e-14
2.0947389567418651e+02 2.4524499317598913e-15
2.1177118118652049e+02 7.8934674442118194e-14
2.1186634089835610e+02 -1.8866433787396948e-13
2.1269383793600718e+02 -6.6658261783577450e-14
2.1287200110985106e+02 5.7730465234896432e-14
2.1389603139382018e+02 1.6399153415333743e-15
2.1398881052809065e+02 2.1501843851856613e-13
2.1569172375482819e+02 1.7213248577207914e-13
2.1757749129662452e+02 1.3816934570550514e-15
2.1855882927913436e+02 1.4066239512925041e-13
2.1862867671547752e+02 -2.5939247583230847e-13
2.1874193590661957e+02 5.1476432268497167e-13
2.2040442746484399e+02 8.8139208066132337e-14
2.2081464409612906e+02 -1.4363719917510431e-13
2.2166933554224909e+02 3.1534281554696417e-13
2.2249674151312644e+02 1.7401601545032272e-12
2.2348749163855177e+02 5.1055953764191624e-14
2.2497032772186361e+02 1.1133438768598013e-11
2.2513981533732266e+02 1.5553272193000666e-14
2.2770876705240605e+02 -3.2994394002714190e-14
2.2807638479956046e+02 -5.0712963971885663e-13
2.2857419305130284e+02 -2.3280661591247370e-13
2.2868045164478181e+02 2.0364510198840366e-12
2.3001957654054215e+02 -3.6004142230160876e-14
2.3366213503074505e+02 9.0372623620249850e-14
2.3423156013907908e+02 -2.0532628287130297e-13
2.3471737493008112e+02 -1.7500855825683281e-13
2.3562656548742319e+02 3.5060457779808252e-13
2.3790985417683478e+02 -2.0411152002032585e-14
2.3801293090048711e+02 -8.1647908707702490e-15
2.3807016662106690e+02 -1.1918508308321515e-12
2.3971701879794372e+02 -1.0395760059911142e-13
2.4004560495045399e+02 -6.3707646877008067e-15
2.4042084612317194e+02 8.5600365094330364e-13
2.4127315319402274e+02 4.8695453109660900e-14
2.4256026964154043e+02 2.6805864552626666e-13
2.4525822945766603e+02 -1.5828754265735758e-14
2.4785016133477126e+02 -4.7642212967257893e-12
2.4951768851469029e+02 1.7425230528660836e-13
2.4996970507630942e+02 1.5878903060796815e-14
2.5149764842884036e+02 1.2312365420235992e-11
2.5175895831495086e+02 1.8793507311493310e-13
2.5552265725993976e+02 -1.5574093276603762e-12
2.5619228495045263e+02 5.7250175504719413e-14
2.5699094256622163e+02 8.2628811760928202e-14
2.5896323966045026e+02 -6.7803946698885180e-14
2.6026618241991770e+02 8.9507843290869411e-12
2.6074516720856030e+02 -2.2078988484273615e-13
2.6078983815798517e+02 1.3116401598006177e-14
2.6133829521733287e+02 8.8735450535638165e-14
2.6150930900084006e+02 -8.2603026025300796e-14
2.6323155266181891e+02 2.8391418886718046e-12
2.6441438365371891e+02 -7.0379673836344178e-13
2.6457703474873131e+02 1.4971728472787646e-12
2.6482198487897057e+02 -3.7747901172039591e-14
2.6600209554900493e+02 1.1386357599788423e-14
2.6690784372877721e+02 1.3703137469414728e-14
2.6852398326571432e+02 -9.8994340631461604e-16
2.6868885807160291e+02 3.3999592195517510e-12
2.7037461670193244e+02 9.7142936801307103e-14
2.7174202730428397e+02 -7.0205832021558777e-14
2.7191454747207075e+02 7.3668378276218502e-14
2.7202949924511665e+02 1.3846292776775385e-12
2.7241352488700778e+02 2.1924692442781739e-14
2.7509402453818848e+02 2.3264048371108360e-12
2.7608653049237881e+02 5.2608047300148942e-15
2.7670260333790122e+02 -5.5524647654451518e-14
2.7791682910646796e+02 7.0160754102293231e-13
2.7891725039234211e+02 -2.2385112608827211e-14
2.7924871503057670e+02 -1.1501746750512352e-14
2.8025218578390775e+02 -1.4622079469746063e-13
2.8337690080695108e+02 3.8301318347675835e-12
2.8374202303462016e+02 -5.4994666866849878e-14
2.8404476774381658e+02 3.5453854980259958e-13
2.8464599409573668e+02 7.5285152005129711e-13
2.8483538463361685e+02 1.6389097251259569e-15
2.8504261639019421e+02 2.9278829144072313e-16
2.8617312752101725e+02 -1.3327238653929097e-12
2.8725223454925083e+02 1.0672889645749918e-13
2.8801084547837553e+02 -1.3046091448066106e-13
2.8887318564780890e+02 1.3538919838711810e-12
2.9102684498048734e+02 6.7865198260408714e-14
2.9254556846838778e+02 2.2695662121736871e-13
2.9324959806635729e+02 -3.6582335900666372e-14
2.9524917551782852e+02 -1.2234609829793962e-12
2.9749022173057460e+02 1.2824318731624152e-14
2.9823473041184775e+02 1.7527083225921446e-13
3.0036382596726787e+02 1.4384363037095734e-12
3.0142381111242901e+02 1.2153564659743096e-14
3.0171212288039851e+02 -1.9803208511020385e-14
3.0406475712175541e+02 5.8222123780236584e-13
3.0524021679055579e+02 -6.9023915414498886e-14
3.0740799164813745e+02 1.3410357652518422e-12
3.0815072412738539e+02 1.0428980918767983e-13
3.0835130877651761e+02 2.4793333609731256e-13
3.0890758126177184e+02 -1.6969061279201385e-13
3.0955423182214383e+02 -6.3057683718950669e-14
3.1147092147262072e+02 6.7787981332913756e-12
3.1267833383354161e+02 1.7056775158757203e-13
3.1407693915285978e+02 -2.0856876669897105e-13
3.1572418820297463e+02 -1.6175552562794761e-12
3.1803133436167832e+02 6.6280206549289177e-13
3.1816036779264084e+02 -4.3860846090599803e-13
3.1914792430631621e+02 -1.5243285410550050e-12
3.2018102801451380e+02 4.8536095541715464e-13
3.2157661722048078e+02 -1.7409404925065462e-13
3.2365878393867973e+02 -1.1683597419493464e-13
3.2559191474438524e+02 -6.8771537551280955e-13
3.2639208252599519e+02 6.5898919106876959e-14
3.2916470777027786e+02 -1.8978587866961423e-12
3.2970516511026341e+02 2.0378427403873521e-14
3.3029636651236751e+02 -3.5289251032896357e-13
3.3192527417426902e+02 -8.9170892539266820e-14
3.3261606993204509e+02 -4.5540328502128834e-14
3.3488391370145109e+02 1.0496483034063791e-12
3.3494243218428835e+02 -7.5017334259931857e-14
3.3544616486990151e+02 -2.1998326697692529e-13
3.3668754836478809e+02 -1.5612249168040519e-13
3.3823731596492098e+02 6.6700655053958197e-14
3.3864004921146835e+02 -6.6656861602333196e-13
3.3934302030038407e+02 1.0869723635062478e-14
3.4010656144807166e+02 2.4997757361876617e-13
3.4335853126791142e+02 -1.4539428926369073e-12
3.4581571792368948e+02 2.0440801492370876e-13
3.4633260381027992e+02 1.1509138544128902e-12
3.4848512357115135e+02 7.9945635677343551e-13
3.4890798902698202e+02 8.4710147141130994e-14
3.4931630534513084e+02 5.7057884684281278e-13
3.5136626390346817e+02 -1.6226349072143932e-12
3.5182175939255671e+02 -1.7199338474433389e-13
3.5345463026348330e+02 -3.0545813282782311e-13
3.5354195677689893e+02 5.6037218774842483e-15
3.5433134670784398e+02 3.0592458598562869e-13
3.5688083216982784e+02 -2.9272454543219349e-13
3.5725123540361835e+02 -1.1109815053928165e-13
3.5857833164455326e+02 2.3494107638741948e-14
3.5885088687469801e+02 1.0978706110117126e-13
3.5950996392352550e+02 7.5035023603303564e-13
3.6135093616690415e+02 2.0213595505857636e-14
3.6214102833403297e+02 2.6016793225797012e-13
3.6356176798649852e+02 -1.8484136296647097e-13
3.6426630370242924e+02 -1.4604715276563225e-13
3.6464142935273452e+02 2.8476526688213692e-13
3.6679069918972397e+02 3.6800421331812237e-13
3.6723688512777602e+02 2.6534433676588138e-13
3.6748849212299621e+02 1.8137319895176013e-14
3.6791637955295579e+02 -3.7286790048613765e-13
3.6899624020423823e+02 -1.3912343223931445e-13
3.7031482109919460e+02 3.9216679105918298e-13
3.7138004092546510e+02 1.4732697260382731e-13
3.7313807103450415e+02 -5.9951909828779171e-13
3.7518068522581041e+02 -1.3340683074195686e-12
3.7575633901705851e+02 -3.0789334844016726e-13
3.7832705092272528e+02 -1.6556443282086550e-13
3.7950061662014230e+02 -5.5831524742817135e-13
3.8202774526036188e+02 6.1465909064789661e-13
3.8217623888666247e+02 1.5204916228218463e-14
3.8444701214263966e+02 2.0052769602256954e-13
3.8466431205093670e+02 7.0656554163561361e-14
3.8537113716072770e+02 6.1239359286468598e-14
3.8693597599295015e+02 1.3373854369285051e-13
3.8948983032342727e+02 -4.0871519883370493e-13
3.9184066439225211e+02 -1.3484543185056861e-14
3.9243415847469873e+02 5.9509936118749532e-14
3.9339590522851927e+02 1.3379694705170431e-13
3.9400963332336363e+02 -1.5714196117543211e-14
3.9457060619628038e+02 3.6512286232969283e-13
3.9553487666244905e+02 5.9422380053383304e-13
3.9585615133046707e+02 -4.4449246058385477e-15
3.9761479330496877e+02 -1.1101504252859439e-13
3.9886378887869108e+02 3.8693772604048976e-14
3.9955737841771492e+02 -8.4987326540035635e-14
4.0193987589203977e+02 -8.3263513042606865e-14
4.0252350581126768e+02 -6.0716167294574670e-13
4.0339504563072398e+02 4.1149606762348524e-13
4.0489007100142635e+02 -1.0628899505635127e-13
4.0554626376105739e+02 5.2554951297759623e-15
4.0618272225356668e+02 4.0177098870270070e-13
4.0753190914372783e+02 1.7285023020862949e-13
4.0801898612872623e+02 -3.1185562856218773e-14
4.1149034433944809e+02 1.4572009369985991e-13
4.1161983800059363e+02 -1.7444598566026208e-13
4.1301192020370388e+02 -3.9368269655402533e-13
4.1367360055384893e+02 -3.9525534085265488e-14
4.1526464055625689e+02 6.2053066059053864e-15
4.1705866277149335e+02 -4.5073708727291554e-14
4.1738263808457322e+02 2.2904139695157827e-13
4.1824482776374384e+02 4.6411738325506515e-13
4.1916558719594502e+02 8.1095506201044816e-14
4.1968192346378333e+02 -2.4541970708109060e-13
4.2122092225784860e+02 -2.0815304076528856e-13
4.2255294181636356e+02 1.0828348291974971e-13
4.2375750568163505e+02 -6.5786904207699960e-13
4.2525382083697207e+02 -1.9123695397168954e-13
4.2599152812534828e+02 -1.9341983316843366e-14
4.2670680166170547e+02 2.5414076292873245e-13
4.2752364030528270e+02 -5.3808073244267336e-13
4.2786865466770001e+02 1.8522823724604255e-13
4.2982650081645323e+02 -2.7845075600682538e-13
4.3003020464929187e+02 2.6705391443981456e-13
4.3029309340695085e+02 -4.3445463717286574e-14
4.3080422686946724e+02 -3.5597665840143704e-14
4.3106938108785084e+02 -7.1234753182876721e-13
4.3127717277105387e+02 2.3212434735469802e-13
4.3226871420840831e+02 -1.8210536927600460e-14
4.3431635677685659e+02 2.5393099683604586e-14
4.3477177946225225e+02 -2.2947517024252896e-13
4.3501143113517969e+02 8.4052200124178887e-14
4.3618152400738512e+02 -1.0748949912483667e-13
4.3701423892059779e+02 -2.6912540313189119e-13
4.3771459668835473e+02 -1.9898628175423935e-13
4.3849218334581064e+02 -7.0846458183229899e-14
4.4103411445613995e+02 9.1231538422440239e-13
4.4153527857771013e+02 4.3423374787668689e-13
4.4293489608094126e+02 2.6764444024023177e-13
4.4362264769437337e+02 -8.4808151012395875e-14
4.4390804341642786e+02 -8.7988097779993876e-14
4.4458177051569186e+02 -2.4151181277471821e-13
4.4630725591243390e+02 1.0553024149583824e-13
4.4761091600087474e+02 1.4166332835396937e-13
4.5052386071056355e+02 -6.3836590838923588e-13
4.5095651092577964e+02 -1.2806008786264611e-13
4.5123595798611888e+02 -9.2130412930958228e-16
4.5291750610757043e+02 -2.2066316800064106e-13
4.5385132547642536e+02 1.6040179111192092e-13
4.5413549536388683e+02 -7.1826874169112179e-14
4.5534824125634623e+02 2.1865010029580140e-13
4.5663135117314647e+02 4.9849931856457104e-13
4.5749825057283573e+02 -1.0294337182752129e-14
4.5980773904938343e+02 -3.1685266908857146e-13
4.6221758667027393e+02 1.9479570305787189e-12
4.6242627638452529e+02 -1.3681922231109614e-13
4.6266855140861418e+02 -5.2093964446731281e-13
4.6341842765379647e+02 7.2114383394981767e-14
4.6405853630472632e+02 -3.2564053060257857e-13
4.6471662860193732e+02 3.8527270772051547e-13
4.6833396035849012e+02 9.8608368555158324e-14
4.7025690851337049e+02 -4.5238787524010087e-13
4.7079610326008827e+02 5.8330372854433148e-13
4.7187827399364545e+02 -4.2496544906724426e-13
4.7265543794685516e+02 3.1186480879513977e-13
4.7425198093181854e+02 -1.4426319657413720e-13
4.7566077064010318e+02 1.2185971800435021e-13
4.7734234980281093e+02 -6.2347288529868864e-13
4.7802297482255256e+02 3.2753313023051899e-13
4.7891560992858234e+02 1.3842834616152999e-13
4.8249561018034683e+02 1.0319643210478623e-13
4.8306848822528627e+02 -6.5110911870298978e-13
4.8477839525810009e+02 2.5126284148642723e-13
4.8499178198881134e+02 8.3650737863664000e-12
4.8595526675428704e+02 4.6808488520428628e-13
4.8741083855204249e+02 3.5394561182693081e-13
4.8793528443436219e+02 -2.1746297340974933e-13
4.8910633839002907e+02 7.7280847339824082e-13
4.9053334665903651e+02 -7.8262510189484033e-13
4.9068855620723110e+02 4.9642357161784164e-16
4.9169092834028606e+02 -6.7258440705050976e-13
4.9342950054386091e+02 8.2563523156461202e-14
4.9516615323227052e+02 2.9752904428314178e-13
4.9623157700587944e+02 -5.0372710735589654e-14
4.9676939652695256e+02 -4.3310057267148508e-13
4.9817359166994913e+02 -4.6160136387479099e-13
4.9832418604905894e+02 4.2068344344704237e-13
4.9999908687378576e+02 2.1951715228238450e-13
5.0343198984362027e+02 -5.3045934127072763e-13
5.0426940595485087e+02 -1.3616874325682324e-14
5.0577537160313295e+02 4.7669296142660889e-14
5.0672197187594139e+02 -2.5737805089076224e-13
5.0970827164298362e+02 -2.2287148998788593e-13
5.1022266889044681e+02 8.1501403696308959e-13
5.1150080412230426e+02 -1.1857285672152741e-13
5.1280041686670984e+02 1.4696286723026972e-13
5.1365143495938594e+02 -1.0092819507085528e-13
5.1414207680916752e+02 7.7591633793858041e-13
5.1569001450780638e+02 -1.6796829884150987e-13
5.1638046439453728e+02 2.3071780825728462e-13
5.1670375719859044e+02 -3.1392419611197438e-14
5.1769926465878939e+02 -3.7349555997832404e-13
5.1803097700211811e+02 -1.3743547164741194e-13
5.1951054331906801e+02 1.6076500174711431e-14
5.2060920289655064e+02 3.6512834682209165e-14
5.2080756859432688e+02 -1.8189409207908745e-13
5.2256731612599663e+02 -4.2637638396127757e-14
5.2408939062967386e+02 -3.3869081329581814e-13
5.2502165954148131e+02 1.4144098561795801e-13
5.2591206668069162e+02 -2.5070886621961528e-13
5.2668444208035362e+02 4.4827028461969610e-13
5.2700126490655566e+02 1.0227179069430937e-14
5.2887507683872582e+02 -9.4189384670229882e-13
5.3084921754189975e+02 1.4654387361181939e-13
5.3177253221149590e+02 -1.1074707451608405e-14
5.3476065776077405e+02 3.1738691738316973e-13
5.3498945615087541e+02 -3.0673493852721314e-13
5.3637004733028539e+02 -8.3963038988130076e-13
5.3850617785166128e+02 8.6175853404950182e-13
5.4141305770659426e+02 -2.1016577710909308e-13
5.4188152625202315e+02 1.3092778785389117e-13
5.4232073333291805e+02 -8.1602966681296064e-15
5.4285614003796616e+02 9.7564442710914153e-13
5.4311775174889613e+02 6.9318362993352262e-14
5.4322415913759937e+02 9.7794386953420073e-13
5.4383806941268620e+02 4.6804711651956570e-13
5.4548998128312996e+02 1.6785077568683855e-13
5.4646584238409071e+02 2.9935974805378206e-13
5.4942601499653142e+02 -4.9604091343523845e-13
5.5022369720768688e+02 -1.4666899029581311e-13
5.5080531749467650e+02 1.3227808099423867e-13
5.5246494668376363e+02 -2.7233407354030939e-13
5.5389497133621558e+02 -2.7927670006101663e-14
5.5400064626315452e+02 -8.5129753251309134e-16
5.5452750267328133e+02 -1.4757568952174945e-13
5.5578090620156320e+02 -2.1696513692990391e-13
5.5611308262418697e+02 8.5750227421069807e-13
5.5707294387979550e+02 -2.2317576219258991e-13
5.5823402340842267e+02 4.0570680221104675e-14
5.5888822214839411e+02 -4.7348135321918090e-14
5.5917082603732479e+02 -7.2589845057054468e-13
5.6083091881145765e+02 2.4392885167629890e-14
5.6349631695920687e+02 3.7910509050697215e-13
5.6359679819235748e+02 3.1852856703733652e-13
5.6432043203587386e+02 -4.9425661032845856e-13
5.6459128424515029e+02 1.2639471207617374e-13
5.6493107249201421e+02 6.9313116805297060e-14
5.6672839432194894e+02 -9.7471948271886051e-14
5.6881627238533372e+02 9.0405136386546446e-14
5.6986126999404951e+02 4.3818575345823388e-13
5.7033461402940964e+02 1.2420464011163595e-13
5.7288988078938621e+02 -7.6350875644705989e-14
5.7396864017463133e+02 -1.2608859898894913e-13
5.7431098148322894e+02 3.3271200926151026e-13
5.7516734483307800e+02 4.4147362440317445e-13
5.7530780464275290e+02 -4.1593295916170500e-13
5.7678116705845468e+02 8.8282531350623998e-13
5.8106958044291696e+02 -3.1759248345237225e-13
5.8168860722214629e+02 1.5038356786982762e-12
5.8337240389146382e+02 -1.5870203348526628e-12
5.8363130531909405e+02 -2.2176764051351982e-13
5.8455182947632602e+02 5.1837417175971546e-13
5.8528446023471872e+02 2.4516541696116087e-13
5.8741916908054418e+02 -3.8239171236891225e-13
5.8787996579794424e+02 3.0374134211157189e-13
5.8861707162509606e+02 2.3693426507588114e-13
5.9188269977583582e+02 5.6903276710524814e-14
5.9250182855463140e+02 2.1229633954218869e-13
5.9493628490616311e+02 -3.1858057038776795e-13
5.9597525631931057e+02 -2.3139954758420912e-13
5.9826954316536865e+02 -1.1322273247032372e-12
5.9884481082906996e+02 6.8636612662502165e-14
6.0097043731857184e+02 -3.1820668805050992e-13
6.0153205404699600e+02 8.1031645915499583e-14
6.0317817956987346e+02 -3.1865079902562361e-13
6.0449009411688280e+02 6.1267749413222844e-14
6.0460319792002929e+02 1.3343920574516543e-13
6.0636063687688102e+02 -8.6343420785095566e-13
6.0824005116820751e+02 1.7838924293769278e-12
6.1075827265561850e+02 -9.4362601362082308e-13
6.1116155205876919e+02 2.3644182590226232e-15
6.1214562422110009e+02 -1.2749805236652940e-12
6.1231747737139017e+02 9.4625978336767524e-14
6.1402846513126804e+02 5.6072455808137693e-13
6.1488285610100468e+02 -3.2961990304490402e-14
6.1566731516644177e+02 -8.5480634818435934e-13
6.1653272539293846e+02 4.7463096237588395e-13
6.1703630991201589e+02 6.5392690238125762e-14
6.1736964366758730e+02 1.1762102712709575e-13
6.1950430693217675e+02 -1.0418508956672972e-13
6.2068637884502448e+02 2.5086446002643917e-14
6.2318307590045777e+02 5.0629295477569712e-13
6.2552238519591106e+02 -2.7306059116953101e-13
6.2880397875422966e+02 6.4983986898368108e-14
6.2962392203632703e+02 5.6305437535531478e-13
6.3084725456647993e+02 3.3511567110136410e-13
6.3406479255226145e+02 -1.6953423155144948e-13
6.3504683406486129e+02 -2.0424069348695542e-13
6.3608591364340418e+02 4.3105034478808048e-13
6.3774262453591143e+02 9.4546598812862669e-13
6.4006545471259119e+02 -3.1372783865028840e-14
6.4087496775912382e+02 -4.4040320972126042e-13
6.4097927238262923e+02 1.3778234559096513e-14
6.4431205337518713e+02 -5.5799024104633408e-15
6.4516895174856541e+02 1.0354695418074144e-12
6.4863917671644197e+02 1.0889163249426914e-12
6.4965417294177882e+02 3.4893509920437789e-13
6.5409387585879267e+02 3.3719901135074725e-13
6.5429388989867607e+02 2.1147250772587339e-14
6.5819309207353911e+02 1.0486166488336424e-13
6.5879691569115892e+02 -1.1197555725410596e-13
6.6163365451188065e+02 -2.5638401097222074e-13
6.6347818701777555e+02 -1.9213376381712181e-13
6.6359638364917396e+02 -1.0695131997379858e-13
6.6672461441478572e+02 3.9080333701396976e-13
6.7168076082158518e+02 2.3397607425442465e-12
6.7354744387845619e+02 -5.1050281733113716e-13
6.7454786965962319e+02 4.6000567302064242e-13
6.7651173752405771e+02 1.7339888788457755e-13
6.7936503026471303e+02 1.1596047027200782e-13
6.7963228793110227e+02 -6.3479224494814731e-14
6.8201901532031354e+02 -1.2771985987886377e-12
6.8558691000713407e+02 7.6028966358227000e-13
6.8696951522727375e+02 -4.7578753107443326e-13
6.8820917492551655e+02 -3.1342073890182720e-13
6.8944406733315975e+02 1.1881990472438721e-12
6.9444456974608897e+02 -2.7810908580655822e-13
6.9480753330873586e+02 -6.1651812542853278e-13
6.9497858928343533e+02 -1.7705963380370059e-13
6.9674296125398439e+02 1.9493251664394853e-13
6.9708499509679427e+02 1.6226774113573165e-12
6.9904745147024050e+02 -1.0491028149887331e-12
7.0099192453136368e+02 -8.2963963859483744e-13
7.0383911341408555e+02 -5.4915325489902291e-13
7.0629025850456276e+02 5.9718297766962818e-13
7.0760842393412906e+02 3.5926843851425954e-13
7.0819163125987041e+02 9.8923634743750558e-13
7.1150393500850953e+02 -1.3877001898462484e-13
7.1427323310253337e+02 1.4959419036850752e-12
7.1595247570440415e+02 3.6878058261677112e-13
7.1660028677912635e+02 7.6572528565269977e-14
7.1884438526710005e+02 -3.5809103410596817e-14
7.2240029213948549e+02 -6.4494658977356240e-13
7.2451183911639885e+02 -7.1448976987114859e-13
7.2534213126333054e+02 2.4645131290123276e-14
7.2914390093798511e+02 -8.6040102117178484e-13
7.3228029115604556e+02 -3.7340699606945405e-14
7.3356205257954605e+02 -2.9373543669183636e-14
7.3540817517745018e+02 2.2757843039411568e-13
7.3814990281692587e+02 2.5705659461852502e-13
7.3907213955668055e+02 8.7071401814192070e-13
7.3991010529385187e+02 1.8130006036132943e-13
7.4323506297960569e+02 3.2320875845269416e-13
7.4521677638140056e+02 5.1199707835625559e-14
7.4743612070766255e+02 -7.7116033421006421e-13
7.4918718104088134e+02 -1.3310815114822581e-13
7.4961608409249391e+02 5.3652966619757796e-13
7.5458066374160421e+02 5.1910281443680522e-13
7.6131853336430413e+02 3.8671451922697783e-14
7.6424886878104746e+02 7.2108788468304370e-13
7.6573263859389579e+02 -8.6873185810627371e-13
7.6580981318811030e+02 2.4999375178987912e-13
7.6708099468032435e+02 4.4759703041558381e-13
7.7042078542723482e+02 -7.2041679866943701e-13
7.7455172504149289e+02 -1.6770860792273649e-12
7.8251996372696078e+02 1.3181477573627646e-12
7.8312676696432902e+02 3.7986571231709262e-12
7.8623829351210429e+02 1.1278049201194604e-12
7.9124420670403299e+02 -1.8423925081074527e-13
7.9307994648623173e+02 5.7830051226135169e-13
7.9666718654798046e+02 -8.7323934027583027e-13
7.9795095039051193e+02 -1.6698082317675432e-13
7.9835514949103629e+02 1.3912965867639386e-13
8.0666360851025809e+02 1.4463318484554028e-12
8.1273447426221571e+02 -5.5073810057600664e-13
8.1410399444232985e+02 3.5434571983807754e-13
8.1596401375821563e+02 -2.4422233632357239e-13
8.2216615111998215e+02 7.1997603912063005e-13
8.2721935761359782e+02 8.2911187309305461e-13
8.2733302849832626e+02 1.4226085521738184e-13
8.2790193873401279e+02 -1.3729550435342815e-14
8.3354988509987982e+02 3.0987545168209670e-12
8.3550560422989020e+02 -2.7045809593144729e-12
8.3769507213265501e+02 2.7171894298803708e-13
8.4833751128117683e+02 1.0410416415285452e-12
8.4859620509310355e+02 6.2024546646840546e-14
8.5033512677343538e+02 2.9285783956214341e-14
8.6000618203477825e+02 7.0656996048099812e-14
8.6425738998394354e+02 4.7840205280894828e-13
8.7141931762058539e+02 -1.3316344956286801e-12
8.7408826593589447e+02 1.8410883886739465e-13
8.8013459978345543e+02 9.3802112859088769e-13
8.8634667835305822e+02 -9.9049321333320331e-13
8.9375307692254194e+02 -1.1220921658381142e-12
8.9763397610851951e+02 -1.8720977306845540e-12
9.0412445733932282e+02 1.6068928569650682e-12
9.1312786914445837e+02 -8.5272538466501203e-12
9.1374260918602386e+02 1.6259035925797129e-12
9.1856510600288664e+02 -3.8396057748897075e-13
9.2171878610128488e+02 2.5966739271497607e-13
9.2463606086664515e+02 7.0066187350630178e-13
9.3653855884820030e+02 3.7082895465063472e-13
9.4748765466480154e+02 1.2175158776021067e-12
9.5034451290746290e+02 -9.0127422208867035e-13
9.5550287473388823e+02 -3.8460115882090381e-13
9.5703110183844137e+02 -3.1223049287233633e-13
9.6255251509285767e+02 2.9034708100813949e-13
9.6346132534720562e+02 4.3138667983671756e-12
9.6681193979640432e+02 -7.4655001534142366e-13
9.7471869577712368e+02 -2.0521284249941261e-12
9.7936546752859772e+02 1.8216137460943617e-13
9.8129007424798021e+02 2.9532920121596638e-12
9.9477203017072702e+02 1.4590491203542574e-12
1.0089036027864729e+03 -2.8193372853226450e-13
1.0108382628259178e+03 2.2461875130907036e-13
1.0174280200136764e+03 5.1634478904259795e-12
1.0274866622597324e+03 -1.0658616895114274e-13
1.0323064968259860e+03 7.3821067448582700e-13
1.0418562214807566e+03 1.0537066116371852e-12
1.0438728540417396e+03 -4.2592130066660358e-13
1.0449506120637154e+03 -3.5130499194016398e-14
1.0529532972815171e+03 -1.1175607861308292e-14
1.0584599827559975e+03 1.6851275423744426e-12
1.0643611490429980e+03 3.2054612252415285e-12
1.0734461131458529e+03 -1.8868173333633844e-12
1.0847344052784606e+03 -7.0128647520215904e-13
1.0874012126826863e+03 3.0982413442261676e-13
1.0934841541195692e+03 2.6898287473028800e-12
1.0974509857448277e+03 1.0463429059551051e-12
1.0977563601886704e+03 9.6308432295142445e-13
1.1134924882675900e+03 -3.9981353281309959e-13
1.1195421673224209e+03 -8.5433173237165373e-13
1.1361939090917879e+03 8.3547334980401958e-13
1.1388672695366331e+03 5.3676527455914701e-13
1.1465859380925024e+03 -3.1575033657275581e-14
1.1496818091462476e+03 -1.8838025580443871e-13
1.1599900450855755e+03 -5.7598001590507954e-14
1.1618605090185654e+03 8.5691983308243412e-12
1.1638627106444430e+03 1.8211317054856370e-12
1.1678234300734532e+03 -1.2091125017120073e-12
1.1784685902122387e+03 1.7870837379955212e-12
1.1841497626916464e+03 -2.9087427652462792e-14
1.1929638436897123e+03 9.2519500975954870e-13
1.2050788620367507e+03 7.4476045090781129e-14
1.2212325661378502e+03 -1.5322806128342605e-12
1.2277056116784313e+03 -9.9855614896359796e-13
1.2431111203976729e+03 -4.0073982989486897e-12
1.2508543961860744e+03 2.0180561248403571e-12
1.2573286740168533e+03 -2.7304016122239722e-14
1.2662323952975455e+03 -3.2162603580711454e-12
1.2729459868594952e+03 1.3863705619529955e-13
1.2745684753267412e+03 5.2293328135906844e-12
1.2790981503260298e+03 -3.8524008697282905e-13
1.2832981226285576e+03 2.8904866293438047e-12
1.2938056433824179e+03 1.2671457341531994e-13
1.3035129134610952e+03 7.5082477806743164e-13
1.3047268564912545e+03 -1.7353464825296418e-12
1.3217678174343198e+03 -8.9563986950405071e-12
1.3357490010011823e+03 -6.1646001680116933e-13
1.3494719485348535e+03 -7.1814986734194966e-12
1.3710200311773169e+03 3.6527592120362338e-13
1.3779879582578849e+03 5.8399140165159201e-12
1.3821727940423646e+03 1.3438095915599429e-12
1.3951001674691063e+03 1.4856062609055349e-12
1.4147527062876795e+03 -1.1229588006371001e-12
1.4190076663826871e+03 -7.8966082266798402e-14
1.4222249060382760e+03 -2.2218863916857030e-12
1.4404229141580213e+03 4.0098168694338178e-12
1.4567490880013675e+03 1.2257541317532468e-12
1.4637948233310703e+03 -2.4281549091253017e-12
1.4656553412171718e+03 1.4068583947362309e-12
1.4732154974044631e+03 -2.8203607642604329e-12
1.4759796023496081e+03 -3.2927123870433628e-13
1.4969993345962996e+03 1.2417170789889543e-13
1.5164111572313182e+03 1.3707595407377800e-12
1.5293279144768694e+03 -1.0703548839110701e-12
1.5319564427365849e+03 -2.9442536237588562e-14
1.5498066182981017e+03 3.0100292963090174e-12
1.5575772428844048e+03 1.8896485408791153e-12
1.5825138545788093e+03 2.2806378824552793e-12
1.5943638013702730e+03 -9.1093237880046860e-13
1.6180672997291460e+03 1.0116588207689593e-12
1.6226903995628793e+03 -2.3196512125871273e-11
1.6350537455410342e+03 -3.1464375770945504e-12
1.6452986566765960e+03 1.9383055959153752e-12
1.6509772815581753e+03 -1.1059345293692189e-13
1.6708671255199322e+03 3.0892673906722287e-12
1.6831323455751590e+03 -2.8526910768764417e-12
1.6866660442313041e+03 -1.1387092764506467e-12
1.6976914870236151e+03 3.9046621257695121e-13
1.7107794254400405e+03 -4.4379858964545854e-12
1.7179988368708916e+03 8.7712757924238065e-12
1.7366593139642141e+03 3.5440685953608891e-12
1.7482093362186220e+03 3.6232453235484860e-13
1.7682557341645272e+03 -6.4545144661168326e-12
1.7726275931650243e+03 1.1087032794427804e-13
1.8063058335401824e+03 1.2167271774529920e-11
1.8350597086304192e+03 3.5997734101879576e-12
1.8442464377346705e+03 1.4106813052325498e-12
1.8698311679511880e+03 -2.8221658340640602e-14
1.8767567022875285e+03 4.8109566183011330e-11
1.9030772636905831e+03 6.2726050416523576e-12
1.9138300440199373e+03 -3.4372700682649068e-12
1.9248148887031209e+03 -6.5998941987403300e-13
1.9375800002272263e+03 3.0283354451113209e-13
1.9686455249054861e+03 -9.8646675924259725e-12
1.9826633396029463e+03 -1.2940416141777730e-12
2.0208082567770591e+03 1.7458049627290949e-11
2.0484292409503373e+03 4.8050163281641629e-13
2.0671189735155713e+03 -1.0702514117216034e-11
2.0904088830334431e+03 -1.1087760623641764e-11
2.1139450317507408e+03 -3.7590450346179450e-13
2.1446797950365431e+03 -1.0522266621906183e-11
2.1507986100134754e+03 -2.3047973102822513e-12
2.1740505031972248e+03 5.1221946318138715e-12
2.1790142491127217e+03 1.0646336024211647e-11
2.1887859950410302e+03 6.2235136809037047e-13
2.2027439752207320e+03 -3.2355437808258443e-12
2.2740616132768096e+03 -4.6005206722402979e-11
2.2952024693316725e+03 -3.8886758146013352e-12
2.3416831515232120e+03 -2.8465821159555141e-11
2.3425959181340991e+03 -9.2839827085899529e-13
2.3660082197676684e+03 -4.4539668337905213e-13
2.3790140500639982e+03 -1.7575486028540798e-11
2.4008035617771411e+03 3.2745813305576535e-13
2.4080144269154612e+03 -8.7347721661970939e-14
2.4157511609958565e+03 -8.4194130110033880e-12
2.4265763006593293e+03 -5.2644564890105951e-13
2.4294875005150343e+03 -4.4453842179134625e-13
2.5011919299139786e+03 2.0524187047341983e-11
2.5110578948118309e+03 6.4019707037940784e-12
2.5184217995154859e+03 1.8349384800758660e-12
2.5236936877964372e+03 -4.9849607614219533e-12
2.5434496526298462e+03 3.0161489713339556e-13
2.5514900842902034e+03 -1.2663101833635486e-12
2.5578115686379851e+03 1.1626598735478292e-12
2.5721526145127937e+03 -1.9081978252982797e-11
2.6006638841796830e+03 -8.8573041226878034e-12
2.6096701644681634e+03 -7.5609193856444971e-12
2.6144784855070411e+03 -1.3092235280211063e-12
2.6249239100796253e+03 6.0358640185649012e-12
2.6260189823558985e+03 5.2187887828422549e-12
2.6329777999306843e+03 4.6839469915960073e-13
2.6442144912175422e+03 4.0068496134434764e-12
2.6508162726276532e+03 5.4887467300804146e-12
2.6533991620970837e+03 1.6843299668508279e-11
2.6605644602555190e+03 5.5170298985789541e-12
2.6608865167712761e+03 -7.6328492249234338e-13
2.6644491590630992e+03 5.0107967590216835e-12
2.6651984157972006e+03 6.1205021954668472e-13
2.6716074202169211e+03 1.3609639644405216e-11
2.6775923057745144e+03 3.4918736312100250e-13
2.6828482154626859e+03 3.6679279684192699e-12
2.6894817339315687e+03 3.1199162483466143e-12
2.6907387736137339e+03 -2.4365856778199743e-14
2.6948492623330540e+03 -4.3345897856804618e-12
2.6967451557326549e+03 -1.9002602449778852e-12
2.6967770778927165e+03 2.1794120955747399e-12
2.7005756597324075e+03 -1.0363203807103548e-13
2.7069622871460879e+03 5.0444801784323577e-13
2.7091151200341678e+03 -3.9569501561267082e-13
2.7148430352213531e+03 2.3003472275821261e-11
2.7179406380924006e+03 -1.0840343784900814e-11
2.7206330096036791e+03 -1.3013678636566809e-12
2.7270777344947264e+03 -1.3668724855304537e-11
2.7283844678189034e+03 1.1708515226156549e-11
2.7321224218025600e+03 -6.4427219764054051e-13
2.7373723771215177e+03 -4.9196937306036649e-12
2.7378381020378947e+03 -5.1720186202454228e-12
2.7432511911211614e+03 3.7370560489610530e-12
2.7457555835239664e+03 -5.0708916890763629e-12
2.7474384034770978e+03 7.7794181310807433e-13
2.7528557023538237e+03 1.6489550572090435e-12
2.7544880620151566e+03 2.1305506000420619e-13
2.7555051590306371e+03 2.3785500491456390e-12
2.7600880677602158e+03 1.9435721251197253e-11
2.7606287140885397e+03 7.4017438422057502e-12
2.7655914446924094e+03 -4.4257238134338403e-14
2.7657590149036814e+03 -2.7337641149785508e-12
2.7674469703503073e+03 -9.9017780406597220e-12
2.7698370479002451e+03 -2.9752371166490464e-12
2.7757452606393767e+03 1.4585783651669441e-12
2.7773541963549164e+03 1.7504495426023600e-12
2.7797369638563227e+03 6.6545230269521755e-13
2.7838562296630416e+03 3.5183858486928256e-12
2.7867064291326797e+03 -4.5095026716831564e-12
2.7911215674431364e+03 -1.0562199375299743e-12
2.7914904801767825e+03 -6.9820282373739130e-13
2.7932907158283529e+03 -8.2138424835353194e-13
2.7955779561683380e+03 -2.7955874979845853e-12
2.8035053528786711e+03 7.9241543609576366e-14
2.8049453653555188e+03 -1.7302518691317771e-12
2.8069130423601314e+03 2.9609272388520380e-12
2.8154346087651115e+03 -5.4813065366305841e-12
2.8240450489326499e+03 5.8924049418135409e-13
2.8250155018823007e+03 -2.4340587342042276e-12
2.8294727821581587e+03 -1.3195207484670369e-12
2.8387678547971004e+03 -1.6973749648620139e-11
2.8493141965145237e+03 -1.0499758676398835e-11
2.8565408010048368e+03 4.7903226784735504e-13
2.8627080126811634e+03 7.6744067826355762e-12
2.8749081925992318e+03 3.4050507167512235e-14
2.8791731447592088e+03 -1.2896038158697875e-12
2.8917338672633878e+03 -3.7500717241716380e-13
2.8921657825530615e+03 1.6301340802924488e-12
2.8947863078563673e+03 -1.2540563316182268e-12
2.8972233557004515e+03 -4.5775895182697617e-13
2.8979630618402921e+03 -5.5614903770423984e-12
2.9169718624305524e+03 -3.6406281814289888e-12
2.9195299283618510e+03 -6.1042940178712007e-12
2.9259394647017148e+03 -2.6744486936920421e-12
2.9375343590988655e+03 3.2521413354522234e-12
2.9565619518085082e+03 -6.1547654233541834e-12
2.9623709473524968e+03 -1.6342011343136497e-12
2.9788590366460112e+03 -1.7737806689281970e-12
2.9890749278727553e+03 -1.7344310100258447e-11
3.0101932055401621e+03 -1.7838886154534842e-11
3.0120917091518468e+03 5.2350091012732198e-12
3.0173312895717249e+03 -9.6881539155442301e-13
3.0344100774533676e+03 -9.8501005739803308e-13
3.0367802879518044e+03 1.6830206963161132e-12
3.0391435606208634e+03 1.2970026503058385e-12
3.0702079107954441e+03 8.0300836090566651e-13
3.0773815803504954e+03 -1.0545248587659942e-11
3.0781164983442927e+03 -4.0367538184171400e-13
3.1074498485386080e+03 -1.3622692061816966e-12
3.1158318497503519e+03 5.9619255743474303e-13
3.1388096645738897e+03 1.0224095004340974e-12
3.1548405393020716e+03 3.4784636419896365e-12
3.1557384636165716e+03 -1.7186469285856809e-11
3.1764304190335333e+03 1.3792706673522057e-12
3.1864039138178696e+03 -1.5067585799689861e-12
3.2079541173174193e+03 6.4170101437145268e-12
3.2399431179911626e+03 -1.4419974876898050e-13
3.2592066706850219e+03 6.8344919933449069e-12
3.2603787627601805e+03 -2.6474300396400077e-12
3.2634197146850684e+03 -4.3845810312666122e-13
3.2652750068301975e+03 4.6124357953635047e-13
3.2693469400705712e+03 -1.1478855869874028e-11
3.2856966722053339e+03 -8.3572364392440402e-13
3.2927977166756295e+03 2.5520908950715856e-13
3.2943821473464700e+03 -1.0025267714662003e-12
3.3128839043625590e+03 -9.3553831707735516e-12
3.3178432844379690e+03 2.4201098378859098e-12
3.3391000062190528e+03 2.8524110997343997e-12
3.3396523467362231e+03 3.8642300860892730e-12
3.3504809188845106e+03 -2.6443159825457081e-11
3.3726984067319013e+03 2.2874475939232149e-11
3.3743132235977191e+03 9.0640704724399943e-14
3.3856283318780879e+03 -4.5122677277983694e-12
3.3913262381280888e+03 3.6797704218512067e-13
3.4029724325106754e+03 8.8561596436722130e-13
3.4167004349369795e+03 -2.2657496641090283e-11
3.4260025601066823e+03 4.9771319620331779e-12
3.4456223431837689e+03 2.3607941844882968e-13
3.4522570092296864e+03 1.6260148092949273e-11
3.4576298720616264e+03 -8.3287122702616195e-12
3.4585537802879394e+03 4.1586500614346793e-12
3.4597032206851713e+03 1.3777890494427587e-11
3.4607442798647517e+03 -3.0870411806250596e-12
3.4652597369046684e+03 1.1931617217593228e-12
3.4654031962253634e+03 3.1535817166373177e-12
3.4711669337250109e+03 -4.8431593085978770e-12
3.4749611308269746e+03 -1.1132932791552776e-11
3.4750489903803546e+03 -2.3744943530026628e-13
3.4756828560005233e+03 1.9777706421810005e-12
3.4777525182417648e+03 -4.3758351749580810e-13
3.4803476107495735e+03 2.0316386456009413e-11
3.4815636028652043e+03 -3.9834143091646481e-11
3.4846919214124459e+03 4.4991752298294822e-12
3.4850204693247392e+03 -2.4622195982937325e-12
3.4869031441212596e+03 1.9625168433275825e-11
3.4894361391961265e+03 -7.9840911299959673e-12
3.4916139651892604e+03 -1.8695582915052164e-11
3.4925291573431987e+03 -8.8916225597667642e-11
3.4992818305287137e+03 -2.0663982340028676e-11
3.4998581425840198e+03 1.6231916725997372e-12
3.5025241753647510e+03 -9.9634053557605068e-12
3.5036000032714319e+03 -7.1127482961000657e-12
3.5042715321361802e+03 1.9340392537844079e-12
3.5086781768175579e+03 -3.2424973515223650e-12
3.5099243436043112e+03 -1.3979758788906010e-11
3.5100023334248826e+03 -3.1005686369727491e-12
3.5125076899725918e+03 3.5786345143787342e-12
3.5168226521624060e+03 9.4951382351932870e-12
3.5200588025653187e+03 1.4945529910931103e-11
3.5229805900992601e+03 2.4232548894755964e-11
3.5302316564899966e+03 -1.5074464559189905e-11
3.5320319102207882e+03 -4.7686695935642710e-12
3.5360441832299457e+03 3.2318316646114462e-11
3.5367910422935215e+03 -5.6607584757429137e-12
3.5386020123698081e+03 1.4740058763701616e-11
3.5403135440806368e+03 -1.1919389597560458e-11
3.5447698799855793e+03 9.1035803913606948e-12
3.5454102241165983e+03 -2.2441528003674936e-11
3.5505585125869306e+03 -5.5515893004005301e-12
3.5524824523804236e+03 8.2547095140732682e-12
3.5567676517688292e+03 -8.0374029068528155e-12
3.5601310795238387e+03 -2.7940871261984092e-11
3.5618157824895261e+03 -6.2023950557779930e-12
3.5634925314429261e+03 9.2973657816915502e-12
3.5660075855918008e+03 3.2413999239129678e-11
3.5674601308488341e+03 5.0089630824925251e-12
3.5733550096190870e+03 1.4322219355846636e-11
3.5759823294206808e+03 6.3628879016936000e-12
3.5812998468897486e+03 -7.6086921874118245e-13
3.5849597536944866e+03 -6.5789569613893242e-12
3.5858854871234644e+03 2.2317413299981317e-12
3.5892892395116646e+03 1.9603315852272894e-11
3.5935872449017029e+03 -7.6706055942192057e-13
3.5939953469906495e+03 4.3892913166186265e-12
3.6016139109723335e+03 -3.3189813291360016e-12
3.6071855592499187e+03 -5.0943017301152158e-12
3.6113364524566509e+03 -5.9954339043381684e-12
3.6129194602518537e+03 -4.8695877132659416e-11
3.6169050031465899e+03 1.5723939335058397e-11
3.6189117428687364e+03 2.7695897821463386e-13
3.6195833948602340e+03 3.7001356190454571e-12
3.6224316394939333e+03 -7.4768597217340021e-12
3.6313616438110221e+03 2.1686166852848604e-11
3.6318545720285301e+03 3.2017476831353012e-12
3.6382732802077699e+03 1.6734916943200911e-11
3.6412742144360122e+03 -2.4288792186183966e-11
3.6449922058437196e+03 -8.4707228459470748e-12
3.6510970510328357e+03 2.0151747101026400e-12
3.6588571764522103e+03 2.9242440608380132e-12
3.6598198826445723e+03 3.9800759447632413e-12
3.6668918929621418e+03 -2.3857682212571182e-13
3.6699211131753077e+03 -1.8134160922358567e-11
3.6749428470347493e+03 -7.7007773748313621e-12
3.6798049887331540e+03 -9.4748974040554748e-12
3.6832771984731444e+03 -4.6777881675651130e-12
3.6844278256082312e+03 -2.8523097550002315e-12
3.6883007288542099e+03 -3.1773581732597112e-12
3.6943242216707981e+03 -1.6473204848819939e-11
3.6998441152258451e+03 3.7187741668395130e-11
3.7052582754867412e+03 3.6453137493642997e-12
3.7092774460120349e+03 2.0464839111123723e-11
3.7100828156558423e+03 1.5650121400568070e-12
3.7141108420479077e+03 3.3417122915111200e-12
3.7182293333545599e+03 -1.1182493068453385e-11
3.7231843023023384e+03 -1.5993177426710841e-11
3.7277128174357604e+03 -2.5457094183571114e-12
3.7317391857338284e+03 -1.7707387114170515e-11
3.7402566162809685e+03 8.5250473580460215e-11
3.7445204265821812e+03 7.5587324097040962e-12
3.7511636468461811e+03 1.4080368183269223e-12
3.7578771205632634e+03 1.3509834230411067e-11
3.7629015846812954e+03 2.7180937476618213e-11
3.7700401379926543e+03 -2.4230635318662240e-11
3.7796889238562326e+03 1.1810409941949549e-11
3.7854066656182504e+03 1.6128124554925943e-11
3.7935189352211842e+03 1.7763638731969402e-11
3.7980884385442218e+03 1.9928703237895277e-11
3.8042977701522937e+03 1.6012491601073463e-11
3.8106862100655198e+03 -2.2098063530917928e-13
3.8125211273231748e+03 3.2907392036346755e-11
3.8223756100729565e+03 -4.7599445388326619e-11
3.8238735488743864e+03 7.7266647085324641e-12
3.8265136620406611e+03 -4.8395624068415536e-11
3.8348307221406340e+03 1.9277804388240693e-11
3.8351296109761179e+03 4.3402358751003641e-11
3.8391008877441118e+03 -4.6774620120012312e-12
3.8443617093244234e+03 2.7880171968469388e-11
3.8534175365820724e+03 -3.0542118758939834e-11
3.8547464587532099e+03 9.8537999678203266e-12
3.8561296562864686e+03 -2.9566109543347435e-12
3.8585390868222039e+03 -8.8237242761511821e-12
3.8665739466292321e+03 -7.8546214796494307e-12
3.8699734780906674e+03 -1.3369829400909259e-11
3.8714691050150727e+03 -1.8735361079062003e-11
3.8775906609471831e+03 2.0328204426104968e-12
3.8782314037353553e+03 -2.3744826406714982e-12
3.8854366289071691e+03 8.5895261454357796e-12
3.8861214725149107e+03 -3.8945038336825551e-11
3.8922823607568585e+03 -1.7083844525004833e-11
3.8955285618576099e+03 -1.6801387433017072e-11
3.9076516855239161e+03 -9.8248625200893305e-12
3.9115967606555168e+03 -1.0659907086844222e-11
3.9131867220279314e+03 -6.0562412088368993e-12
3.9156905567148424e+03 -9.2817652506402249e-13
3.9211946412079001e+03 -1.4505416476582857e-11
3.9215214307336018e+03 1.7863636909121873e-12
3.9266683970844856e+03 -8.0381975564401476e-12
3.9291158189322041e+03 -8.1901499989008860e-12
3.9331641003524669e+03 -4.0119011750077263e-12
3.9381323679411794e+03 1.3635799899695765e-11
3.9434939048889792e+03 2.5380326415122438e-12
3.9459330169191189e+03 1.1018608222622481e-11
3.9524797258105455e+03 6.3201090305893560e-12
3.9536739455157217e+03 8.2647546656072589e-12
3.9560605010572622e+03 1.8567860036524317e-11
3.9628247358690792e+03 1.6710757297367195e-11
3.9667958293927395e+03 -1.2663672606774556e-12
3.9784148978948961e+03 -1.3878499685746557e-11
3.9819761668973520e+03 4.7844750063928744e-12
3.9898289370622006e+03 1.1072829723288555e-11
3.9924155715227735e+03 9.5493176865852427e-12
3.9965313482092611e+03 2.1994862077220697e-12
4.0095109130894821e+03 1.1646435860621885e-11
4.0156795041184123e+03 -1.8949014425516670e-11
4.0230719526999378e+03 -8.2494916447023181e-12
4.0291289645415013e+03 1.2471699747731908e-11
4.0303951215762736e+03 2.2025742464007157e-11
4.0363369728385587e+03 -6.5246106690412110e-12
4.0366000249484068e+03 -4.4410781159016628e-12
4.0421000824133594e+03 1.5585297891211559e-11
4.0474625617393658e+03 -1.2748252872655896e-11
4.0481865674505716e+03 5.0015889089539830e-12
4.0534322691636380e+03 7.2483740365518338e-13
4.0573171775612864e+03 -1.9643120614498984e-12
4.0590033143229739e+03 1.4302025659251184e-11
4.0664804585742850e+03 3.0798913297448894e-12
4.0669656554254188e+03 1.3864946148464098e-11
4.0733898876094468e+03 7.1581926018798759e-12
4.0787492287824566e+03 9.6074167221554862e-12
4.0870222013547959e+03 -1.8065834901822894e-11
4.0905370126161965e+03 -6.0235218187691542e-12
4.0958374535006001e+03 -1.8779252989976942e-12
4.0988692441481053e+03 8.1009019603167907e-12
4.1045720736152007e+03 3.6660809478854276e-11
4.1088978815866540e+03 -9.7624785227064662e-12
4.1096880480521449e+03 1.2148648677986408e-12
4.1120542138103774e+03 3.2355007318566064e-11
4.1145311716663873e+03 1.1530824483334526e-11
4.1182056357197362e+03 -9.7807483697061626e-12
4.1252018605536423e+03 -5.2616954197848842e-12
4.1270973688877439e+03 1.8285619586386549e-11
4.1316182287694555e+03 -8.0124891318460204e-13
4.1336726087272646e+03 -3.9256783059251296e-11
4.1343138271570879e+03 3.5400040401579203e-11
4.1405361554145602e+03 -4.8713763546457510e-11
4.1470445442928049e+03 -1.1749392497216327e-11
4.1615404193389131e+03 9.4151303737312026e-12
4.1690151809257331e+03 -2.3929727201288610e-12
4.1696549549269257e+03 -1.7498434735676812e-11
4.1767116333681579e+03 4.4911477321277179e-11
4.1776070341924078e+03 -2.5746119021206417e-11
4.1797290920154128e+03 -1.3293322996236195e-11
4.1867592391457893e+03 1.2947935236348018e-12
4.1878675463526597e+03 -3.0612894199143301e-11
4.1926583681819375e+03 1.4952602119948497e-12
4.1982217652492345e+03 -3.5729987847073532e-11
4.2015785894767951e+03 -1.4745144144499641e-12
4.2072405263660448e+03 2.5200779028280796e-11
4.2124015416970515e+03 -1.0617044002909193e-11
4.2180131020403905e+03 1.0635135749709044e-11
4.2248300916870912e+03 7.5431271957971014e-12
4.2341347294932002e+03 -4.3116157636822301e-11
4.2360379951695286e+03 -5.2828318765226730e-12
4.2439265931414020e+03 -6.1757519427505844e-12
4.2449447739097632e+03 -2.3756629916177026e-11
4.2475076528591962e+03 1.8189584505946598e-11
4.2541391070153522e+03 -3.5371202001066183e-11
4.2582515361943279e+03 -1.9733064530409122e-11
4.2686967450862048e+03 -1.9366714114024346e-11
4.2732129915273690e+03 5.8072828658152352e-12
4.2838398565397729e+03 -1.1636493391570155e-11
4.2871040526501065e+03 -2.1504906234189780e-11
4.2929766655997792e+03 2.7476769074065892e-11
4.2996881610412829e+03 5.5311404917188236e-12
4.3025904560826993e+03 9.3489488260017272e-12
4.3061959609903151e+03 -1.1601322794260372e-12
4.3076178703433270e+03 4.4482346085137025e-12
4.3114083854344917e+03 2.0568801719068075e-12
4.3193750204236621e+03 -2.5565931708044496e-11
4.3237114232255944e+03 -6.1939198654233975e-12
4.3270992155074382e+03 7.9974987038138910e-12
4.3354266428739111e+03 3.4035465859793678e-12
4.3403144260839499e+03 -1.9407613002094736e-12
4.3492187227385812e+03 -4.0315411477467070e-11
4.3569477742091258e+03 -1.0860402238081895e-10
4.3582089640843196e+03 -6.0389891231534658e-11
4.3584745584907396e+03 2.8159625165135238e-11
4.3652848742764754e+03 2.5358278669792974e-12
4.3693710158609001e+03 -7.8422296769657164e-12
4.3702945541208483e+03 -1.5163783036394526e-12
4.3728579448921782e+03 4.1160338315102141e-11
4.3752902261985728e+03 -3.3099921059505047e-11
4.3812831717834451e+03 -5.3949850834075064e-12
4.3827871848669474e+03 -5.3722848875237175e-11
4.3919919147601940e+03 -9.9943958636424236e-12
4.3962262165716556e+03 -4.6740162398973018e-11
4.3973793562192304e+03 -1.1926789398282462e-12
4.4012651287591825e+03 7.8951091386438609e-12
4.4051126530666215e+03 3.3297453644553874e-11
4.4144788283977205e+03 -4.8138148877130481e-11
4.4150194097677459e+03 2.5606475502156738e-11
4.4202144475923942e+03 -5.6598803691892470e-12
4.4208469405300339e+03 -1.5042308961968758e-11
4.4322832918783670e+03 5.9801813230673648e-12
4.4422574764344126e+03 -8.4848075861713358e-12
4.4504351434873060e+03 1.5925250609157056e-11
4.4551761962552409e+03 6.6590306190686026e-12
4.4566615173286837e+03 1.0008879124277378e-11
4.4608751822147560e+03 9.4497006453634188e-12
4.4683642466080510e+03 -1.2184685341066480e-11
4.4719728313218238e+03 1.1899383596641061e-10
4.4734576957867484e+03 4.6476577084462474e-12
4.4873265454103666e+03 -1.0937281020055059e-11
4.4902656164327327e+03 2.8245565445799493e-11
4.4915662563351352e+03 1.9554802294755342e-11
4.4976942403202956e+03 -1.9654946913924198e-12
4.5034631157293497e+03 -7.8665101416499763e-12
4.5076613066367390e+03 1.1681802921915629e-11
4.5135060309706196e+03 1.7514882744227362e-12
4.5203024507478876e+03 2.1122160328899755e-11
4.5237344546425620e+03 5.4542147855197272e-12
4.5296036248422952e+03 -1.6756992208591060e-11
4.5322442951422872e+03 -1.4526478620928818e-12
4.5355971902184720e+03 1.4050622188785353e-11
4.5376870292431413e+03 2.2269747020308428e-11
4.5472830236664104e+03 -5.1728696218816455e-11
4.5494584344812511e+03 2.4828609500146364e-11
4.5533517522715911e+03 -2.6756899675458711e-11
4.5599519449739118e+03 2.6438385467062873e-12
4.5632010893754386e+03 2.1101444191923464e-11
4.5760587001451868e+03 -3.4487363929047192e-11
4.5807471387677379e+03 -2.3337414695398014e-11
4.5902572175330388e+03 -1.0829188930675914e-11
4.5934592610352511e+03 -1.1313603749438797e-11
4.6051623077919157e+03 -3.7219954866735137e-11
4.6052600616425843e+03 -1.9571454005229867e-12
4.6159323589273772e+03 1.8504717186136495e-11
4.6209627304659907e+03 -1.3085160117902960e-11
4.6257045937902749e+03 7.9082540987726436e-12
4.6316689255024030e+03 -9.9980390592480601e-12
4.6370926070062451e+03 -4.3657855014351312e-12
4.6413655242415289e+03 -9.0547188470915311e-11
4.6450711344555002e+03 -5.3047057204772717e-11
4.6543200363584256e+03 2.6115872754461502e-11
4.6587302690643328e+03 -1.2431270587006366e-12
4.6599161745064930e+03 -1.7745571662791054e-11
4.6647623419658448e+03 1.9281217985206948e-12
4.6678875572260185e+03 6.6566503614529918e-13
4.6705279633377568e+03 8.0810557203617259e-12
4.6752047518648778e+03 -1.1215220131539091e-11
4.6769456597090557e+03 4.6338987206853723e-11
4.6817607266997666e+03 -1.5373105584286089e-11
4.6887074513444049e+03 1.8797654179116370e-11
4.6932575197451106e+03 6.0907716940999001e-13
4.6956360562422151e+03 8.5133473987332310e-12
4.7048961714409506e+03 -8.7581143346157648e-12
4.7072990753822196e+03 4.7860405991663310e-11
4.7096604117944498e+03 -1.3354559461470329e-11
4.7249309347828703e+03 -6.7887702022860418e-11
4.7284936278783925e+03 -7.1015554296543561e-11
4.7313056161822315e+03 -3.1688639887877218e-11
4.7349435651044805e+03 -1.2340012352445503e-11
4.7365021566565110e+03 5.4843355037104032e-11
4.7430517062124336e+03 6.1072839495725754e-11
4.7492522195461752e+03 2.6328176189815935e-10
4.7535726261442678e+03 -3.0055313308487316e-11
4.7625804527145283e+03 3.1275782251000282e-11
4.7695317486687445e+03 -4.7183011110297701e-12
4.7779751665090644e+03 9.0627144988526269e-11
4.7807791549456797e+03 8.7151891395748011e-11
4.7844141233648197e+03 -8.4237377410501177e-11
4.7906233071893430e+03 7.1720964129579407e-11
4.7944902371407670e+03 2.0145456983147423e-10
4.7999268553797510e+03 -2.6968972765900956e-11
4.8008229917005046e+03 8.8885123946175764e-11
4.8022184235281684e+03 -4.0935477930182806e-11
4.8070270937805435e+03 -3.7153406666854958e-11
4.8124465295291984e+03 -6.2415320363143510e-11
4.8141037111812047e+03 -3.4395608587950944e-12
4.8172744833727866e+03 -9.2350671011305355e-12
4.8209840533511224e+03 -4.0425524675473844e-11
4.8259143027028922e+03 -1.7156085805355908e-10
4.8276837210322892e+03 1.6004288724497704e-11
4.8346319432168229e+03 1.5242305950535811e-11
4.8376875827805970e+03 2.6221453420771012e-12
4.8393748505529629e+03 1.4949372236734697e-11
4.8413549303129466e+03 1.8679231035270421e-11
4.8449005131360700e+03 1.0695566344459281e-10
4.8504261914485842e+03 -2.6978128697996047e-11
4.8540855210776772e+03 -3.5598693598350777e-11
4.8571254570738647e+03 8.2749480114813647e-11
4.8614815232588680e+03 1.4646260863744631e-11
4.8624025895055483e+03 -3.3985007978599995e-11
4.8737019446744143e+03 -1.6106806588232151e-13
4.8803394750882244e+03 2.2264583803831448e-11
4.8808337794629779e+03 -1.1180844655740558e-11
4.8869896611306003e+03 -4.3815401366769749e-11
4.8887563167270373e+03 9.8109758668801698e-11
4.8912217128666816e+03 1.2999499344042277e-11
4.8960397939039831e+03 5.5617041996060264e-11
4.8994616238172866e+03 4.7804548702615260e-12
4.9017748762932315e+03 -6.9275743160629058e-12
4.9038658382153262e+03 -7.8572349579135176e-11
4.9095448636680439e+03 -4.2221318692591925e-11
4.9120758716411037e+03 1.9605513812433176e-11
4.9162985925637431e+03 -2.0243584811264999e-11
4.9202888349632494e+03 -1.3624128905458055e-12
4.9221208855527984e+03 -1.2670134539864003e-11
4.9261804892088439e+03 -1.6590097388526988e-11
4.9281015300465479e+03 1.7111724180610893e-11
4.9329984499226093e+03 1.0251006622682447e-10
4.9357703395152175e+03 -5.6838989972631172e-11
4.9392133599365261e+03 7.1177431048310857e-13
4.9405649565283675e+03 7.1266596115712903e-11
4.9416453983450911e+03 3.9722668089209064e-12
4.9440577414302097e+03 4.4519043430220206e-11
4.9467000849847655e+03 5.8197947914215636e-12
4.9552550569179684e+03 -1.6723035090708499e-11
4.9592511721894516e+03 -8.2994173644703058e-11
4.9637526962109569e+03 -3.0395529023220586e-11
4.9682103058471339e+03 -3.7897497840856646e-12
4.9720676007260772e+03 -4.6665506690848377e-11
4.9769400015534766e+03 2.1302235464094962e-10
4.9823551949361490e+03 1.8115946718695607e-11
4.9844785562639399e+03 -1.6124899978057279e-11
4.9905156210462228e+03 -4.6651546861994657e-11
4.9988659155250652e+03 2.7520554418199084e-12
